x	y	elev
0	0	397.02
20	0	390.921
40	0	376.643
60	0	363.41
80	0	354.427
100	0	352.114
120	0	350.546
140	0	370.264
160	0	372.83
180	0	365.063
200	0	355.592
220	0	344.995
240	0	331.364
260	0	323.93
280	0	316.504
300	0	314.611
320	0	304.263
340	0	326.447
360	0	344.067
380	0	362.727
400	0	377.289
420	0	387.996
440	0	378.537
460	0	367.774
480	0	356.195
500	0	346.403
0	20	409.85
20	20	399.509
40	20	386.714
60	20	371.872
80	20	362.249
100	20	360
120	20	364.851
140	20	379.499
160	20	385.261
180	20	374.578
200	20	362.269
220	20	351.328
240	20	338.97
260	20	333.365
280	20	324.379
300	20	317.953
320	20	312.841
340	20	327.696
360	20	346.673
380	20	360.641
400	20	379.584
420	20	397.159
440	20	392.484
460	20	390.753
480	20	362.698
500	20	360.723
0	40	421.507
20	40	408.322
40	40	395.852
60	40	382.357
80	40	372.634
100	40	361.99
120	40	375.315
140	40	389.721
160	40	395.07
180	40	379.561
200	40	370.749
220	40	359.977
240	40	356.129
260	40	343.943
280	40	334.055
300	40	329.078
320	40	321.887
340	40	334.751
360	40	353.291
380	40	370.584
400	40	386.327
420	40	401.391
440	40	407.868
460	40	384.376
480	40	380.166
500	40	371.934
0	60	431.543
20	60	419.602
40	60	406.374
60	60	390.474
80	60	380.734
100	60	375.875
120	60	386.267
140	60	400.388
160	60	403.757
180	60	391.263
200	60	377.018
220	60	367.423
240	60	366.856
260	60	355.436
280	60	342.703
300	60	336.758
320	60	335.308
340	60	336.691
360	60	356.014
380	60	376.612
400	60	395.217
420	60	410.58
440	60	410.25
460	60	400.746
480	60	392.917
500	60	380.043
0	80	439.21
20	80	424.407
40	80	409.021
60	80	395.363
80	80	388.876
100	80	384.874
120	80	398.201
140	80	409.999
160	80	412.798
180	80	397.979
200	80	383.008
220	80	380.197
240	80	379.268
260	80	366.792
280	80	354.831
300	80	349.495
320	80	343.364
340	80	344.832
360	80	362.567
380	80	379.576
400	80	398.256
420	80	413.823
440	80	421.27
460	80	410.07
480	80	399.052
500	80	386.565
0	100	437.013
20	100	430.952
40	100	414.987
60	100	402.754
80	100	396.293
100	100	401.658
120	100	413.256
140	100	419.289
160	100	415.841
180	100	400.546
200	100	395.524
220	100	393.354
240	100	388.928
260	100	375.146
280	100	359.238
300	100	353.89
320	100	354.993
340	100	352.983
360	100	369.382
380	100	384.356
400	100	401.415
420	100	417.394
440	100	428.902
460	100	417.877
480	100	404.308
500	100	394.209
0	120	454.101
20	120	442.731
40	120	425.202
60	120	414.358
80	120	401.683
100	120	413.932
120	120	433.602
140	120	436.422
160	120	424.808
180	120	410.881
200	120	412.014
220	120	404.286
240	120	391.166
260	120	378.987
280	120	362.892
300	120	362.834
320	120	359.566
340	120	357.22
360	120	374.992
380	120	391.034
400	120	411.365
420	120	420.401
440	120	434.545
460	120	427.362
480	120	418.809
500	120	408.651
0	140	471.448
20	140	452.987
40	140	433.022
60	140	424.005
80	140	410.511
100	140	427.463
120	140	444.606
140	140	450.079
160	140	437.572
180	140	427.037
200	140	419.802
220	140	403.724
240	140	388.168
260	140	389.688
280	140	376.871
300	140	375.335
320	140	368.345
340	140	370.767
360	140	384.728
380	140	406.134
400	140	419.555
420	140	432.897
440	140	443.52
460	140	437.229
480	140	428.136
500	140	423.558
0	160	469.446
20	160	450.241
40	160	441.376
60	160	428.546
80	160	426.723
100	160	437.407
120	160	450.762
140	160	462.075
160	160	449.469
180	160	437.498
200	160	423.011
220	160	408.673
240	160	405.831
260	160	395.488
280	160	388.561
300	160	384.706
320	160	380.001
340	160	382.897
360	160	395.201
380	160	413.13
400	160	427.306
420	160	438.676
440	160	449.983
460	160	444.427
480	160	443.462
500	160	438.957
0	180	465.837
20	180	454.628
40	180	439.401
60	180	438.079
80	180	442.323
100	180	437.203
120	180	459.961
140	180	474.225
160	180	459.052
180	180	441.224
200	180	429.376
220	180	423.016
240	180	414.124
260	180	400.274
280	180	400.74
300	180	395.009
320	180	391.73
340	180	392.736
360	180	403.884
380	180	420.084
400	180	436.041
420	180	449.423
440	180	460.055
460	180	458.585
480	180	459.669
500	180	455.006
0	200	474.205
20	200	462.551
40	200	458.486
60	200	459.608
80	200	450.465
100	200	451.206
120	200	466.609
140	200	479.724
160	200	462.554
180	200	447.632
200	200	440.302
220	200	433.144
240	200	418.034
260	200	416.14
280	200	408.42
300	200	401.43
320	200	400.309
340	200	399.021
360	200	407.834
380	200	424.772
400	200	440.452
420	200	459.736
440	200	469.457
460	200	468.904
480	200	473.185
500	200	471.678
0	220	483.818
20	220	469.243
40	220	477.093
60	220	474.525
80	220	460.576
100	220	464.793
120	220	473.263
140	220	486.561
160	220	473.34
180	220	461.111
200	220	450.347
220	220	437.349
240	220	434.837
260	220	427.79
280	220	417.044
300	220	411.513
320	220	406.592
340	220	413.361
360	220	413.537
380	220	424.668
400	220	441.204
420	220	456.664
440	220	466.248
460	220	474.904
480	220	483.821
500	220	485.12
0	240	490.867
20	240	487.273
40	240	496.428
60	240	483.29
80	240	481.703
100	240	477.6
120	240	484.068
140	240	495.517
160	240	487.619
180	240	470.351
200	240	456.46
220	240	452.395
240	240	446.118
260	240	435.592
280	240	423.961
300	240	421.816
320	240	415.604
340	240	425.675
360	240	428.121
380	240	425.71
400	240	433.621
420	240	444.999
440	240	459.878
460	240	476.764
480	240	490.38
500	240	471.678
0	260	500.277
20	260	504.858
40	260	508.005
60	260	493.284
80	260	495.754
100	260	496.678
120	260	499.115
140	260	508.598
160	260	491.159
180	260	479.808
200	260	468.93
220	260	469.466
240	260	457.263
260	260	440.665
280	260	439.601
300	260	437.144
320	260	423.449
340	260	435.593
360	260	444.242
380	260	440.46
400	260	442.885
420	260	448.142
440	260	463.889
460	260	478.493
480	260	492.216
500	260	505.573
0	280	518.329
20	280	520.593
40	280	517.595
60	280	501.509
80	280	507.726
100	280	514.556
120	280	522.704
140	280	514.014
160	280	501.785
180	280	490.412
200	280	486.79
220	280	479.596
240	280	460.926
260	280	452.613
280	280	453.83
300	280	448.015
320	280	434.171
340	280	447.336
360	280	455.877
380	280	453.903
400	280	458.166
420	280	463.618
440	280	465.923
460	280	480.404
480	280	493.712
500	280	507.172
0	300	534.633
20	300	535.972
40	300	526.267
60	300	513.278
80	300	519.022
100	300	530.19
120	300	541.094
140	300	529.69
160	300	517.81
180	300	507.315
200	300	498.011
220	300	483.441
240	300	472.177
260	300	470.775
280	300	466.063
300	300	455.92
320	300	451.326
340	300	458.661
360	300	467.055
380	300	465.65
400	300	469.6
420	300	474.879
440	300	476.791
460	300	485.029
480	300	496.133
500	300	509.016
0	320	551.578
20	320	548.323
40	320	535.479
60	320	523.662
80	320	527.93
100	320	542.259
120	320	553.915
140	320	544.438
160	320	530.993
180	320	519.834
200	320	502.8
220	320	492.04
240	320	481.281
260	320	486.561
280	320	477.017
300	320	460.815
320	320	469.277
340	320	471.54
360	320	478.043
380	320	477.485
400	320	482.077
420	320	490.583
440	320	489.157
460	320	490.681
480	320	501.316
500	320	512.612
0	340	571.573
20	340	561.32
40	340	550.188
60	340	537.891
80	340	542.306
100	340	549.09
120	340	568.225
140	340	559.925
160	340	549.475
180	340	529.683
200	340	514.031
220	340	502.898
240	340	497.965
260	340	499.612
280	340	489.144
300	340	477.956
320	340	484.595
340	340	485.526
360	340	490.835
380	340	489.521
400	340	494.236
420	340	503.566
440	340	498.762
460	340	498.32
480	340	504.625
500	340	513.385
0	360	587.984
20	360	576.508
40	360	556.612
60	360	556.664
80	360	559.396
100	360	556.639
120	360	572.283
140	360	573.197
160	360	557.877
180	360	541.678
200	360	525.129
220	360	513.519
240	360	512.971
260	360	512.871
280	360	498.83
300	360	496.906
320	360	499.754
340	360	500.426
360	360	504.613
380	360	502.552
400	360	505.559
420	360	513.615
440	360	508.984
460	360	507.412
480	360	510.846
500	360	517.318
0	380	593.514
20	380	586.005
40	380	560.068
60	380	569.027
80	380	576.829
100	380	571.31
120	380	580.645
140	380	583.677
160	380	569.171
200	380	532.01
220	380	522.322
240	380	524.459
260	380	526.942
280	380	509.952
300	380	506.754
320	380	511.014
340	380	511.155
360	380	515.888
380	380	513.25
400	380	513.312
420	380	522.644
440	380	517.672
460	380	515.712
480	380	519.747
500	380	524.813
180	380	545.84
0	400	602.892
20	400	583.991
40	400	578.975
60	400	586.558
80	400	590.492
100	400	584.081
120	400	592.66
140	400	583.577
160	400	570.561
180	400	556.818
200	400	543.075
220	400	537.495
240	400	540.545
260	400	537.469
280	400	525.189
300	400	521.059
320	400	524.83
340	400	526.294
360	400	528.679
380	400	525.942
400	400	523.061
420	400	525.974
440	400	523.409
460	400	529.7
480	400	532.107
500	400	532.425
